tree = [0.036831443898775865, 0.03315962383653394, 0.03051955442325476, 0.028801621547866786, 0.02761663227931949, 0.026887419025496333, 0.0271211063896551, 0.027341309719053117, 0.027633232489162593, 0.02818147747635015, 0.02872885294164412, 0.029045132022420195, 0.029276675241413926, 0.029779206104447398, 0.03006599847551284, 0.030258865973963062, 0.03056549245459474]
best = 19, 14 to 30

svm = [0.19439877058346436]

knn = [1.7101476304933583, 1.677971828505718, 1.6593173496138212, 1.6421519786486134, 1.6291048702640543, 1.6129570920614607, 1.6019302066563932, 1.5939899015161185, 1.588994448020399, 1.5811482498008491, 1.5743672445255963, 
1.515945486778189, 1.4748998542436427, 1.4384177443156043, 1.308679007808457, 1.27468269759249, 1.258266015859563, 1.1528121378489136, 1.0878644476609278, 1.0410536564335553, 1.0116314621670492]

Ensemble = [0.1626367638340455]

NN = [0.06834342570273713]

NN - Tensorflow = [0.14918163]